[gd_scene format=3 uid="uid://840q35guyxgq"]

[node name="CharacterIKTargets" type="Node3D"]

[node name="Hand_IK_Target_r" type="Node3D" parent="."]
transform = Transform3D(0.0665338, -0.875777, -0.478108, 0.732845, 0.368075, -0.57224, 0.677134, -0.312306, 0.666299, -0.305002, -0.38085, 0.861611)

[node name="Hand_IK_Target_l" type="Node3D" parent="."]
transform = Transform3D(0.066614, 0.875507, 0.478592, -0.7327, 0.36851, -0.572146, -0.677284, -0.312552, 0.666032, 0.305, -0.381, 0.862)

[node name="Extinguisher_IK_Target_r" type="Node3D" parent="."]
transform = Transform3D(-0.833254, 0.552249, -0.0266158, -0.414597, -0.59226, 0.690896, 0.365783, 0.586726, 0.722464, -0.111725, -0.274217, 0.963915)

[node name="Extinguisher_IK_Target_l" type="Node3D" parent="."]
transform = Transform3D(0.428276, -0.139682, 0.892787, -0.257259, -0.965945, -0.0277195, 0.866255, -0.217806, -0.449625, 0.172094, -0.208403, 0.594879)

[node name="Glider_IK_Target_r" type="Node3D" parent="."]
transform = Transform3D(-0.969038, 0.241221, 0.0527038, -0.195303, -0.879427, 0.434125, 0.151069, 0.410391, 0.899309, -0.305002, -0.38085, 0.861611)

[node name="Glider_IK_Target_l" type="Node3D" parent="."]
transform = Transform3D(-0.969011, -0.241168, -0.0534396, 0.195029, -0.879718, 0.433659, -0.151596, 0.409798, 0.899491, 0.305, -0.381, 0.862)

[node name="UmbrellaHang_IK_Target_r" type="Node3D" parent="."]
transform = Transform3D(0.234187, 0.917431, -0.321678, -0.0986474, -0.306747, -0.946666, -0.967173, 0.25343, 0.0186663, -0.0787082, -0.384687, 0.932455)

[node name="UmbrellaHang_IK_Target_l" type="Node3D" parent="."]
transform = Transform3D(0.90179, -0.341341, 0.265067, 0.121674, -0.387996, -0.913594, 0.414692, 0.856123, -0.308358, 0.15404, -0.392769, 1.24684)

[node name="Umbrella_Target_r" type="Node3D" parent="."]
transform = Transform3D(0.114181, 0.499026, -0.859032, -0.227019, -0.828702, -0.511582, -0.967173, 0.25343, 0.0186663, -0.27469, -0.378863, 0.922351)

[node name="Umbrella_Target_l" type="Node3D" parent="."]
transform = Transform3D(-0.602752, 0.120434, 0.788787, -0.563273, -0.7644, -0.313715, 0.565167, -0.633395, 0.528581, 0.274672, -0.0826244, 0.530946)
