[gd_scene load_steps=107 format=3 uid="uid://dxnlqsdhvtjt1"]

[ext_resource type="Script" path="res://Scripts/player_character.gd" id="2_perqm"]
[ext_resource type="PackedScene" uid="uid://df5eqk66osdpv" path="res://Assets/Character/PlayerCharacter.fbx" id="2_uvm7g"]
[ext_resource type="PackedScene" uid="uid://840q35guyxgq" path="res://Assets/Prefabs/character_ik_targets.tscn" id="3_flq8k"]
[ext_resource type="Script" path="res://Scripts/ragdoll.gd" id="4_f0yae"]
[ext_resource type="Script" path="res://Scripts/stats.gd" id="5_sqca2"]

[sub_resource type="SceneReplicationConfig" id="SceneReplicationConfig_l34rj"]
properties/0/path = NodePath(".:position")
properties/0/spawn = true
properties/0/replication_mode = 1
properties/1/path = NodePath(".:rotation")
properties/1/spawn = true
properties/1/replication_mode = 1
properties/2/path = NodePath("RootScene/RootNode:rotation")
properties/2/spawn = true
properties/2/replication_mode = 1
properties/3/path = NodePath(".:jumpIndex")
properties/3/spawn = true
properties/3/replication_mode = 1
properties/4/path = NodePath(".:velocityExport")
properties/4/spawn = true
properties/4/replication_mode = 1
properties/5/path = NodePath(".:landPower")
properties/5/spawn = true
properties/5/replication_mode = 1
properties/6/path = NodePath(".:gliding")
properties/6/spawn = true
properties/6/replication_mode = 1
properties/7/path = NodePath("RootScene/RootNode/root/Skeleton3D/CharacterIKTargets/Hand_IK_Target_r:position")
properties/7/spawn = true
properties/7/replication_mode = 1
properties/8/path = NodePath("RootScene/RootNode/root/Skeleton3D/CharacterIKTargets/Hand_IK_Target_l:position")
properties/8/spawn = true
properties/8/replication_mode = 1
properties/9/path = NodePath("RootScene/RootNode/root/Skeleton3D/CharacterIKTargets/Hand_IK_Target_r:rotation")
properties/9/spawn = true
properties/9/replication_mode = 1
properties/10/path = NodePath("RootScene/RootNode/root/Skeleton3D/CharacterIKTargets/Hand_IK_Target_l:rotation")
properties/10/spawn = true
properties/10/replication_mode = 1

[sub_resource type="StandardMaterial3D" id="StandardMaterial3D_vs15v"]
resource_name = "Suit_Material_2"
cull_mode = 2
shading_mode = 2
diffuse_mode = 3
specular_mode = 1
albedo_color = Color(0.357782, 0.554369, 1, 1)
metallic = 0.4
roughness = 0.272166

[sub_resource type="StandardMaterial3D" id="StandardMaterial3D_oy1x2"]
resource_name = "Skin_1"
cull_mode = 2
diffuse_mode = 3
specular_mode = 1
albedo_color = Color(0.906332, 0, 0.223177, 1)
metallic_specular = 0.0
roughness = 0.272166

[sub_resource type="StandardMaterial3D" id="StandardMaterial3D_61fiu"]
resource_name = "Suit_Material_1"
cull_mode = 2
shading_mode = 2
diffuse_mode = 3
specular_mode = 1
albedo_color = Color(0.215686, 0.180392, 0.815686, 1)
metallic = 0.4
metallic_specular = 0.0
roughness = 0.229416

[sub_resource type="StandardMaterial3D" id="StandardMaterial3D_jtxna"]
resource_name = "Suit_Material_2"
cull_mode = 2
albedo_color = Color(0.357782, 0.554369, 1, 1)
metallic_specular = 0.0

[sub_resource type="StandardMaterial3D" id="StandardMaterial3D_q4jxt"]
resource_name = "Wool_1"
cull_mode = 2
albedo_color = Color(0.906332, 0.906332, 0.906332, 1)
metallic = 0.4
roughness = 0.229416

[sub_resource type="BoxShape3D" id="BoxShape3D_dtcij"]
size = Vector3(1.31299, 1, 1.78491)

[sub_resource type="StandardMaterial3D" id="StandardMaterial3D_4wwhs"]
shading_mode = 2
diffuse_mode = 3
specular_mode = 1

[sub_resource type="StandardMaterial3D" id="StandardMaterial3D_s20pc"]
shading_mode = 2
diffuse_mode = 3
specular_mode = 1

[sub_resource type="StandardMaterial3D" id="StandardMaterial3D_2nt6t"]
shading_mode = 2
diffuse_mode = 3
specular_mode = 1

[sub_resource type="StandardMaterial3D" id="StandardMaterial3D_kwjsq"]
cull_mode = 2
shading_mode = 2
diffuse_mode = 3
specular_mode = 1

[sub_resource type="CapsuleShape3D" id="CapsuleShape3D_22doc"]
radius = 0.09
height = 0.18

[sub_resource type="CapsuleShape3D" id="CapsuleShape3D_rkjaf"]
radius = 0.09
height = 0.18

[sub_resource type="CapsuleShape3D" id="CapsuleShape3D_p8ny2"]
radius = 0.09
height = 0.18

[sub_resource type="CapsuleShape3D" id="CapsuleShape3D_ilnb8"]
radius = 0.099
height = 0.198

[sub_resource type="CapsuleShape3D" id="CapsuleShape3D_asj1j"]
radius = 0.25076
height = 0.501521

[sub_resource type="CapsuleShape3D" id="CapsuleShape3D_oo8bf"]
radius = 0.12
height = 0.24

[sub_resource type="CapsuleShape3D" id="CapsuleShape3D_wm1pf"]
radius = 0.062
height = 0.274

[sub_resource type="CapsuleShape3D" id="CapsuleShape3D_8c20q"]
radius = 0.06
height = 0.12

[sub_resource type="CapsuleShape3D" id="CapsuleShape3D_spf0v"]
radius = 0.0077109
height = 0.077109

[sub_resource type="CapsuleShape3D" id="CapsuleShape3D_odsdd"]
radius = 0.00613401
height = 0.0613401

[sub_resource type="CapsuleShape3D" id="CapsuleShape3D_d0pcg"]
radius = 0.00637708
height = 0.0637708

[sub_resource type="CapsuleShape3D" id="CapsuleShape3D_yko2t"]
radius = 0.00838221
height = 0.0838221

[sub_resource type="CapsuleShape3D" id="CapsuleShape3D_8c82n"]
radius = 0.00637006
height = 0.0637006

[sub_resource type="CapsuleShape3D" id="CapsuleShape3D_a2oqv"]
radius = 0.00649362
height = 0.0649362

[sub_resource type="CapsuleShape3D" id="CapsuleShape3D_3w54b"]
radius = 0.00739403
height = 0.0739403

[sub_resource type="CapsuleShape3D" id="CapsuleShape3D_yycjn"]
radius = 0.0038542
height = 0.038542

[sub_resource type="CapsuleShape3D" id="CapsuleShape3D_tlfn0"]
radius = 0.00488282
height = 0.0488282

[sub_resource type="CapsuleShape3D" id="CapsuleShape3D_qmf8t"]
radius = 0.00828308
height = 0.0828308

[sub_resource type="CapsuleShape3D" id="CapsuleShape3D_mepva"]
radius = 0.00581443
height = 0.0581443

[sub_resource type="CapsuleShape3D" id="CapsuleShape3D_umxkb"]
radius = 0.00637945
height = 0.0637945

[sub_resource type="CapsuleShape3D" id="CapsuleShape3D_mmslp"]
radius = 0.00631571
height = 0.0631571

[sub_resource type="CapsuleShape3D" id="CapsuleShape3D_aahyy"]
radius = 0.00513043
height = 0.0513043

[sub_resource type="CapsuleShape3D" id="CapsuleShape3D_8otr8"]
radius = 0.12
height = 0.24

[sub_resource type="CapsuleShape3D" id="CapsuleShape3D_b1w8d"]
radius = 0.062
height = 0.274

[sub_resource type="CapsuleShape3D" id="CapsuleShape3D_clqnj"]
radius = 0.06
height = 0.12

[sub_resource type="CapsuleShape3D" id="CapsuleShape3D_8ujwn"]
radius = 0.0077109
height = 0.077109

[sub_resource type="CapsuleShape3D" id="CapsuleShape3D_4h6fi"]
radius = 0.00607629
height = 0.0607629

[sub_resource type="CapsuleShape3D" id="CapsuleShape3D_cvxmn"]
radius = 0.00637708
height = 0.0637708

[sub_resource type="CapsuleShape3D" id="CapsuleShape3D_7pain"]
radius = 0.00838221
height = 0.0838221

[sub_resource type="CapsuleShape3D" id="CapsuleShape3D_gc82m"]
radius = 0.00637006
height = 0.0637006

[sub_resource type="CapsuleShape3D" id="CapsuleShape3D_edkhf"]
radius = 0.00649362
height = 0.0649362

[sub_resource type="CapsuleShape3D" id="CapsuleShape3D_23pm6"]
radius = 0.00739402
height = 0.0739402

[sub_resource type="CapsuleShape3D" id="CapsuleShape3D_747jp"]
radius = 0.003776
height = 0.03776

[sub_resource type="CapsuleShape3D" id="CapsuleShape3D_f774x"]
radius = 0.00488282
height = 0.0488282

[sub_resource type="CapsuleShape3D" id="CapsuleShape3D_a5agv"]
radius = 0.00828309
height = 0.0828309

[sub_resource type="CapsuleShape3D" id="CapsuleShape3D_302rk"]
radius = 0.00581443
height = 0.0581443

[sub_resource type="CapsuleShape3D" id="CapsuleShape3D_qevcp"]
radius = 0.00637947
height = 0.0637947

[sub_resource type="CapsuleShape3D" id="CapsuleShape3D_yaojl"]
radius = 0.00631571
height = 0.0631571

[sub_resource type="CapsuleShape3D" id="CapsuleShape3D_1tr2i"]
radius = 0.00510846
height = 0.0510846

[sub_resource type="CapsuleShape3D" id="CapsuleShape3D_47f8f"]
radius = 0.06
height = 0.346207

[sub_resource type="CapsuleShape3D" id="CapsuleShape3D_wa2j8"]
radius = 0.06
height = 0.299557

[sub_resource type="CapsuleShape3D" id="CapsuleShape3D_vr2an"]
radius = 0.040224
height = 0.278633

[sub_resource type="CapsuleShape3D" id="CapsuleShape3D_vmjcs"]
radius = 0.06
height = 0.334128

[sub_resource type="CapsuleShape3D" id="CapsuleShape3D_yw138"]
radius = 0.06
height = 0.299557

[sub_resource type="CapsuleShape3D" id="CapsuleShape3D_yucww"]
radius = 0.00903949
height = 0.0903949

[sub_resource type="CapsuleShape3D" id="CapsuleShape3D_e8fuq"]
radius = 0.0094593
height = 0.094593

[sub_resource type="CapsuleShape3D" id="CapsuleShape3D_ceodm"]
radius = 0.00896592
height = 0.0896592

[sub_resource type="CapsuleShape3D" id="CapsuleShape3D_w5oxr"]
radius = 0.00855077
height = 0.0855077

[sub_resource type="CapsuleShape3D" id="CapsuleShape3D_268is"]
radius = 0.00974197
height = 0.0974197

[sub_resource type="CapsuleShape3D" id="CapsuleShape3D_5l52r"]
radius = 0.0119601
height = 0.119601

[sub_resource type="CapsuleShape3D" id="CapsuleShape3D_ebjsf"]
radius = 0.0122192
height = 0.122192

[sub_resource type="CapsuleShape3D" id="CapsuleShape3D_eva0e"]
radius = 0.00605496
height = 0.0605496

[sub_resource type="CapsuleShape3D" id="CapsuleShape3D_7516s"]
radius = 0.00771089
height = 0.0771089

[sub_resource type="CapsuleShape3D" id="CapsuleShape3D_dfhht"]
radius = 0.00616481
height = 0.0616481

[sub_resource type="CapsuleShape3D" id="CapsuleShape3D_053mo"]
radius = 0.00637707
height = 0.0637707

[sub_resource type="CapsuleShape3D" id="CapsuleShape3D_r7ci5"]
radius = 0.00838221
height = 0.0838221

[sub_resource type="CapsuleShape3D" id="CapsuleShape3D_wwaby"]
radius = 0.00637005
height = 0.0637005

[sub_resource type="CapsuleShape3D" id="CapsuleShape3D_ybc3y"]
radius = 0.00649362
height = 0.0649362

[sub_resource type="CapsuleShape3D" id="CapsuleShape3D_vlujp"]
radius = 0.00739401
height = 0.0739401

[sub_resource type="CapsuleShape3D" id="CapsuleShape3D_v21nr"]
radius = 0.00389461
height = 0.0389461

[sub_resource type="CapsuleShape3D" id="CapsuleShape3D_wxyu5"]
radius = 0.0048828
height = 0.048828

[sub_resource type="CapsuleShape3D" id="CapsuleShape3D_ctg3x"]
radius = 0.00828308
height = 0.0828308

[sub_resource type="CapsuleShape3D" id="CapsuleShape3D_6nxqn"]
radius = 0.00581444
height = 0.0581444

[sub_resource type="CapsuleShape3D" id="CapsuleShape3D_sqxmy"]
radius = 0.00637945
height = 0.0637945

[sub_resource type="CapsuleShape3D" id="CapsuleShape3D_n8ply"]
radius = 0.00631571
height = 0.0631571

[sub_resource type="CapsuleShape3D" id="CapsuleShape3D_tpenn"]
radius = 0.00514153
height = 0.0514153

[sub_resource type="CapsuleShape3D" id="CapsuleShape3D_kk4s5"]
radius = 0.0119601
height = 0.119601

[sub_resource type="CapsuleShape3D" id="CapsuleShape3D_swd13"]
radius = 0.0122192
height = 0.122192

[sub_resource type="CapsuleShape3D" id="CapsuleShape3D_8kfr4"]
radius = 0.00605497
height = 0.0605497

[sub_resource type="CapsuleShape3D" id="CapsuleShape3D_8245s"]
radius = 0.00771089
height = 0.0771089

[sub_resource type="CapsuleShape3D" id="CapsuleShape3D_o8i35"]
radius = 0.00604942
height = 0.0604942

[sub_resource type="CapsuleShape3D" id="CapsuleShape3D_i7juf"]
radius = 0.00637707
height = 0.0637707

[sub_resource type="CapsuleShape3D" id="CapsuleShape3D_brrls"]
radius = 0.0083822
height = 0.083822

[sub_resource type="CapsuleShape3D" id="CapsuleShape3D_yr2cj"]
radius = 0.00637006
height = 0.0637006

[sub_resource type="CapsuleShape3D" id="CapsuleShape3D_xwwv2"]
radius = 0.00649361
height = 0.0649361

[sub_resource type="CapsuleShape3D" id="CapsuleShape3D_varol"]
radius = 0.00739403
height = 0.0739403

[sub_resource type="CapsuleShape3D" id="CapsuleShape3D_s5p5t"]
radius = 0.00373826
height = 0.0373826

[sub_resource type="CapsuleShape3D" id="CapsuleShape3D_xuj8c"]
radius = 0.00488282
height = 0.0488282

[sub_resource type="CapsuleShape3D" id="CapsuleShape3D_voaof"]
radius = 0.00828309
height = 0.0828309

[sub_resource type="CapsuleShape3D" id="CapsuleShape3D_f6gny"]
radius = 0.00581443
height = 0.0581443

[sub_resource type="CapsuleShape3D" id="CapsuleShape3D_q5btr"]
radius = 0.00637947
height = 0.0637947

[sub_resource type="CapsuleShape3D" id="CapsuleShape3D_p2is4"]
radius = 0.00631571
height = 0.0631571

[sub_resource type="CapsuleShape3D" id="CapsuleShape3D_rsco3"]
radius = 0.00509757
height = 0.0509757

[sub_resource type="CapsuleShape3D" id="CapsuleShape3D_xr5er"]
radius = 0.0261867
height = 0.261867

[sub_resource type="CapsuleShape3D" id="CapsuleShape3D_q4vr0"]
radius = 0.0299557
height = 0.299557

[sub_resource type="CapsuleShape3D" id="CapsuleShape3D_ialfl"]
radius = 0.0186206
height = 0.186206

[sub_resource type="CapsuleShape3D" id="CapsuleShape3D_cttxg"]
radius = 0.0261867
height = 0.261867

[sub_resource type="CapsuleShape3D" id="CapsuleShape3D_l4dw1"]
radius = 0.0299557
height = 0.299557

[sub_resource type="CapsuleShape3D" id="CapsuleShape3D_fy7ai"]
radius = 0.0186206
height = 0.186206

[sub_resource type="CapsuleShape3D" id="CapsuleShape3D_0rsl8"]
radius = 0.119
height = 0.333

[node name="PlayerCharacter" type="CharacterBody3D" node_paths=PackedStringArray("camera", "cameraTrack", "stats", "rotateCheckRay", "ceilCheckRay", "floorCheckRay", "snapCheckRay", "leftHandIK", "rightHandIK", "leftHandIK_active_target", "rightHandIK_active_target", "fire_extinguisher_IK_pos_left", "fire_extinguisher_IK_pos_right", "umbrella_hang_IK_pos_left", "umbrella_hang_IK_pos_right", "umbrella_IK_pos_left", "umbrella_IK_pos_right", "glider_extinguisher_IK_pos_left", "glider_extinguisher_IK_pos_right", "leftHandPhysicsBone", "rightHandPhysicsBone", "rootPhysicsBone", "rightHandBoneAttach")]
collision_layer = 512
wall_min_slide_angle = 1.22173
floor_max_angle = 1.22173
floor_snap_length = 1.0
script = ExtResource("2_perqm")
camera = NodePath("Camera3D")
cameraTrack = NodePath("Camera3Dtrack")
stats = NodePath("Stats")
rotateCheckRay = NodePath("RotateCheck")
ceilCheckRay = NodePath("CeilCheck")
floorCheckRay = NodePath("FloorCheck")
snapCheckRay = NodePath("SnapCheck")
leftHandIK = NodePath("RootScene/RootNode/root/Skeleton3D/handIK3D_left")
rightHandIK = NodePath("RootScene/RootNode/root/Skeleton3D/handIK3D_right")
leftHandIK_active_target = NodePath("RootScene/RootNode/root/Skeleton3D/CharacterIKTargets/Hand_IK_Target_l")
rightHandIK_active_target = NodePath("RootScene/RootNode/root/Skeleton3D/CharacterIKTargets/Hand_IK_Target_r")
fire_extinguisher_IK_pos_left = NodePath("RootScene/RootNode/root/Skeleton3D/CharacterIKTargets/Extinguisher_IK_Target_l")
fire_extinguisher_IK_pos_right = NodePath("RootScene/RootNode/root/Skeleton3D/CharacterIKTargets/Extinguisher_IK_Target_r")
umbrella_hang_IK_pos_left = NodePath("RootScene/RootNode/root/Skeleton3D/CharacterIKTargets/UmbrellaHang_IK_Target_l")
umbrella_hang_IK_pos_right = NodePath("RootScene/RootNode/root/Skeleton3D/CharacterIKTargets/UmbrellaHang_IK_Target_r")
umbrella_IK_pos_left = NodePath("RootScene/RootNode/root/Skeleton3D/CharacterIKTargets/Umbrella_Target_l")
umbrella_IK_pos_right = NodePath("RootScene/RootNode/root/Skeleton3D/CharacterIKTargets/Umbrella_Target_r")
glider_extinguisher_IK_pos_left = NodePath("RootScene/RootNode/root/Skeleton3D/CharacterIKTargets/Glider_IK_Target_l")
glider_extinguisher_IK_pos_right = NodePath("RootScene/RootNode/root/Skeleton3D/CharacterIKTargets/Glider_IK_Target_r")
leftHandPhysicsBone = NodePath("ActiveRagdoll/RootNode/root/Skeleton3D/Physical Bone hand_l")
rightHandPhysicsBone = NodePath("ActiveRagdoll/RootNode/root/Skeleton3D/Physical Bone hand_r")
rootPhysicsBone = NodePath("ActiveRagdollNoCollide/RootNode/root/Skeleton3D/Physical Bone root_x")
rightHandBoneAttach = NodePath("ActiveRagdoll/RootNode/root/Skeleton3D/RightHandBoneAttach")

[node name="Stats" type="Node" parent="."]
script = ExtResource("5_sqca2")

[node name="UpdateTimer" type="Timer" parent="Stats"]
autostart = true

[node name="MultiplayerSynchronizer" type="MultiplayerSynchronizer" parent="."]
replication_config = SubResource("SceneReplicationConfig_l34rj")

[node name="RootScene" parent="." instance=ExtResource("2_uvm7g")]
transform = Transform3D(1, 0, 0, 0, 1, 0, 0, 0, 1, 0, 0, -0.0994862)

[node name="RootNode" parent="RootScene" index="0"]
visible = false

[node name="Skeleton3D" parent="RootScene/RootNode/root" index="0"]
bones/0/position = Vector3(-1.42109e-14, -0.00281426, 0.672527)
bones/0/rotation = Quaternion(0.647979, -2.69061e-06, -2.28903e-06, 0.761658)
bones/0/scale = Vector3(1, 1, 1)
bones/1/position = Vector3(2.12603e-08, 0.0903448, 0.00300832)
bones/1/rotation = Quaternion(0.0494687, -0.00329372, -0.000163486, 0.99877)
bones/2/position = Vector3(-7.27596e-12, 0.094593, 3.72529e-09)
bones/2/rotation = Quaternion(0.0317477, 0.00329975, -0.000104805, 0.999491)
bones/2/scale = Vector3(1, 1, 1)
bones/3/rotation = Quaternion(0.0584702, -2.37747e-07, -1.90449e-10, 0.998289)
bones/4/rotation = Quaternion(0.152314, 0.00664775, 0.00102448, 0.988309)
bones/4/scale = Vector3(1, 1, 1)
bones/5/rotation = Quaternion(-0.139604, -0.00669394, -0.000934261, 0.990184)
bones/6/rotation = Quaternion(-0.640794, -0.386479, -0.342074, 0.568333)
bones/7/rotation = Quaternion(-0.478684, 0.385071, -0.427893, 0.662941)
bones/7/scale = Vector3(1, 1, 1)
bones/8/rotation = Quaternion(8.54709e-08, -0.393753, -7.48367e-08, 0.919216)
bones/9/rotation = Quaternion(1.53421e-07, 4.70318e-08, -0.00231299, 0.999997)
bones/9/scale = Vector3(1, 1, 1)
bones/10/rotation = Quaternion(4.30204e-08, -0.446878, -5.57742e-09, 0.894595)
bones/11/rotation = Quaternion(0.125026, -0.453747, -0.151718, 0.869174)
bones/11/scale = Vector3(1, 0.999999, 1)
bones/12/rotation = Quaternion(0.0233399, 0.000573586, 0.0245759, 0.999425)
bones/13/rotation = Quaternion(-0.0533708, 0.000443792, -0.0650698, 0.996452)
bones/13/scale = Vector3(1, 1, 1)
bones/14/rotation = Quaternion(-0.203756, -0.0486096, 0.166278, 0.963573)
bones/15/rotation = Quaternion(-0.0500307, 0.00205552, -0.01232, 0.99867)
bones/15/scale = Vector3(1, 1, 1)
bones/16/rotation = Quaternion(-0.0739533, 0.00380373, 0.0734979, 0.994542)
bones/16/scale = Vector3(1, 1, 1)
bones/17/rotation = Quaternion(-0.0384526, -0.00014887, 0.00407371, 0.999252)
bones/17/scale = Vector3(1, 1, 1)
bones/18/rotation = Quaternion(-0.107833, -0.0327127, 0.0512218, 0.99231)
bones/20/rotation = Quaternion(-0.213489, -0.0099093, 0.173887, 0.961295)
bones/21/rotation = Quaternion(0.00295287, 0.00398753, 0.14715, 0.989102)
bones/21/scale = Vector3(1, 1, 1)
bones/22/rotation = Quaternion(-0.0541713, 0.0165736, -0.162712, 0.985046)
bones/24/rotation = Quaternion(-0.167207, -0.00139242, 0.1178, 0.978858)
bones/24/scale = Vector3(1, 1, 1)
bones/25/rotation = Quaternion(0.068975, 0.00211903, 0.0641345, 0.995552)
bones/25/scale = Vector3(1, 1, 1)
bones/26/rotation = Quaternion(-0.110904, -0.00891823, -0.0526656, 0.992395)
bones/26/scale = Vector3(1, 1, 1)
bones/27/rotation = Quaternion(0.0163672, 0.000638392, -0.0070346, 0.999841)
bones/28/rotation = Quaternion(-0.0699994, 0.581035, -0.274438, 0.763009)
bones/28/scale = Vector3(1, 1, 1)
bones/29/rotation = Quaternion(-0.14205, 0.0508585, 0.0583703, 0.986827)
bones/30/rotation = Quaternion(-0.178597, 0.0145949, 0.0368098, 0.983125)
bones/30/scale = Vector3(1, 1, 1)
bones/31/rotation = Quaternion(-0.640794, 0.386479, 0.342074, 0.568333)
bones/31/scale = Vector3(1, 1, 1)
bones/32/rotation = Quaternion(-0.478684, -0.38507, 0.427893, 0.662941)
bones/32/scale = Vector3(1, 0.999999, 1)
bones/33/rotation = Quaternion(7.33556e-10, 0.393753, 9.28974e-08, 0.919217)
bones/34/rotation = Quaternion(3.77986e-08, 1.30385e-08, 0.00231289, 0.999997)
bones/34/scale = Vector3(1, 1, 1)
bones/35/rotation = Quaternion(-5.54883e-08, 0.446878, 2.77181e-08, 0.894595)
bones/36/rotation = Quaternion(0.125026, 0.453747, 0.151718, 0.869174)
bones/36/scale = Vector3(1, 1, 1)
bones/37/rotation = Quaternion(0.0233399, -0.000573593, -0.0245758, 0.999425)
bones/38/rotation = Quaternion(-0.0533708, -0.000443804, 0.0650697, 0.996452)
bones/38/scale = Vector3(1, 1, 1)
bones/39/rotation = Quaternion(-0.213398, 0.0987963, -0.180397, 0.955069)
bones/40/rotation = Quaternion(-0.0500307, -0.00205555, 0.0123201, 0.99867)
bones/41/rotation = Quaternion(-0.0739533, -0.00380378, -0.0734979, 0.994542)
bones/41/scale = Vector3(1, 1, 1)
bones/42/rotation = Quaternion(-0.0384526, 0.000148877, -0.00407372, 0.999252)
bones/42/scale = Vector3(1, 1, 1)
bones/44/scale = Vector3(1, 1, 1)
bones/45/rotation = Quaternion(-0.213489, 0.00990928, -0.173887, 0.961295)
bones/45/scale = Vector3(1, 1, 1)
bones/46/rotation = Quaternion(0.00295287, -0.00398752, -0.14715, 0.989102)
bones/46/scale = Vector3(1, 1, 1)
bones/47/rotation = Quaternion(-0.0541713, -0.0165736, 0.162712, 0.985046)
bones/47/scale = Vector3(1, 1, 1)
bones/48/rotation = Quaternion(-0.0274645, -0.00562612, 0.0664924, 0.997393)
bones/49/rotation = Quaternion(-0.167207, 0.00139251, -0.1178, 0.978858)
bones/49/scale = Vector3(1, 1, 1)
bones/50/rotation = Quaternion(0.0689749, -0.00211902, -0.0641345, 0.995552)
bones/50/scale = Vector3(1, 1, 1)
bones/51/rotation = Quaternion(-0.110904, 0.00891822, 0.0526656, 0.992395)
bones/51/scale = Vector3(1, 1, 1)
bones/52/rotation = Quaternion(0.0163672, -0.000638399, 0.00703457, 0.999841)
bones/53/rotation = Quaternion(-0.0699995, -0.581035, 0.274438, 0.763009)
bones/53/scale = Vector3(1, 1, 1)
bones/54/rotation = Quaternion(-0.14205, -0.0508585, -0.0583704, 0.986827)
bones/54/scale = Vector3(1, 1, 1)
bones/55/rotation = Quaternion(-0.178597, -0.0145949, -0.0368098, 0.983125)
bones/55/scale = Vector3(1, 1, 1)
bones/56/rotation = Quaternion(0.726477, -0.0658105, 0.682878, -0.0397213)
bones/56/scale = Vector3(1, 1, 1.00001)
bones/57/rotation = Quaternion(9.02694e-09, 7.31881e-08, 0.0114753, 0.999934)
bones/58/rotation = Quaternion(0.396421, 0.606478, -0.382265, 0.573505)
bones/58/scale = Vector3(1, 1, 1)
bones/59/rotation = Quaternion(9.25165e-08, 0.999945, 0.0105079, 1.34138e-07)
bones/60/rotation = Quaternion(2.40712e-09, -0.126145, -1.70621e-08, 0.992012)
bones/61/rotation = Quaternion(-3.21692e-08, -0.126143, -3.14925e-08, 0.992012)
bones/62/rotation = Quaternion(0.726473, 0.0658066, -0.682883, -0.039719)
bones/62/scale = Vector3(1, 1, 1.00001)
bones/63/rotation = Quaternion(5.16554e-08, -2.59734e-08, -0.0114837, 0.999934)
bones/63/scale = Vector3(1, 1, 1)
bones/64/rotation = Quaternion(-0.396423, 0.606476, -0.382268, -0.573504)
bones/64/scale = Vector3(1, 1, 1)
bones/65/rotation = Quaternion(3.00609e-08, 0.999945, 0.0105078, -1.3285e-07)
bones/66/rotation = Quaternion(-2.71063e-09, 0.126145, 1.25494e-08, 0.992012)
bones/67/rotation = Quaternion(4.71451e-09, 0.126143, -3.62131e-09, 0.992012)

[node name="CharacterIKTargets" parent="RootScene/RootNode/root/Skeleton3D" index="0" instance=ExtResource("3_flq8k")]

[node name="Hand_IK_Target_r" parent="RootScene/RootNode/root/Skeleton3D/CharacterIKTargets" index="0"]
transform = Transform3D(0.114181, 0.499026, -0.859032, -0.227019, -0.828702, -0.511582, -0.967173, 0.25343, 0.0186663, -0.27469, -0.378863, 0.922351)

[node name="Hand_IK_Target_l" parent="RootScene/RootNode/root/Skeleton3D/CharacterIKTargets" index="1"]
transform = Transform3D(-0.602752, 0.120434, 0.788787, -0.563273, -0.7644, -0.313715, 0.565167, -0.633395, 0.528581, 0.274672, -0.0826244, 0.530946)

[node name="Hat" parent="RootScene/RootNode/root/Skeleton3D" index="1"]
surface_material_override/0 = SubResource("StandardMaterial3D_vs15v")

[node name="Face" parent="RootScene/RootNode/root/Skeleton3D" index="2"]
surface_material_override/0 = SubResource("StandardMaterial3D_oy1x2")

[node name="LowerTorso" parent="RootScene/RootNode/root/Skeleton3D" index="3"]
surface_material_override/0 = SubResource("StandardMaterial3D_61fiu")

[node name="LeftLeg" parent="RootScene/RootNode/root/Skeleton3D" index="5"]
surface_material_override/0 = SubResource("StandardMaterial3D_vs15v")
surface_material_override/2 = SubResource("StandardMaterial3D_61fiu")

[node name="RightLeg" parent="RootScene/RootNode/root/Skeleton3D" index="6"]
surface_material_override/0 = SubResource("StandardMaterial3D_vs15v")
surface_material_override/2 = SubResource("StandardMaterial3D_61fiu")

[node name="LeftHand" parent="RootScene/RootNode/root/Skeleton3D" index="7"]
surface_material_override/0 = SubResource("StandardMaterial3D_oy1x2")

[node name="RightHand" parent="RootScene/RootNode/root/Skeleton3D" index="8"]
surface_material_override/0 = SubResource("StandardMaterial3D_oy1x2")

[node name="Torso" parent="RootScene/RootNode/root/Skeleton3D" index="9"]
surface_material_override/0 = SubResource("StandardMaterial3D_jtxna")
surface_material_override/1 = SubResource("StandardMaterial3D_q4jxt")
surface_material_override/2 = SubResource("StandardMaterial3D_61fiu")

[node name="LeftArm" parent="RootScene/RootNode/root/Skeleton3D" index="10"]
surface_material_override/0 = SubResource("StandardMaterial3D_vs15v")

[node name="handIK3D_right" type="SkeletonIK3D" parent="RootScene/RootNode/root/Skeleton3D" index="11"]
process_priority = 1
root_bone = &"arm_stretch.r"
tip_bone = &"hand.r"
use_magnet = true
magnet = Vector3(-1.655, 0.81, -1.81)
target_node = NodePath("../CharacterIKTargets/Hand_IK_Target_r")

[node name="handIK3D_left" type="SkeletonIK3D" parent="RootScene/RootNode/root/Skeleton3D" index="12"]
process_priority = 1
root_bone = &"arm_stretch.l"
tip_bone = &"hand.l"
use_magnet = true
magnet = Vector3(1.655, 0.81, -1.81)
target_node = NodePath("../CharacterIKTargets/Hand_IK_Target_l")

[node name="InteractArea" type="Area3D" parent="RootScene"]
collision_layer = 0
collision_mask = 16

[node name="CollisionShape3D" type="CollisionShape3D" parent="RootScene/InteractArea"]
transform = Transform3D(1, 0, 0, 0, 1, 0, 0, 0, 1, 0.0012207, 0.502013, 0.702793)
shape = SubResource("BoxShape3D_dtcij")

[node name="ActiveRagdoll" parent="." instance=ExtResource("2_uvm7g")]
transform = Transform3D(1, 0, 0, 0, 1, 0, 0, 0, 1, 0, 0, -0.0994862)

[node name="Skeleton3D" parent="ActiveRagdoll/RootNode/root" index="0" node_paths=PackedStringArray("character_controller", "target_skeleton", "skeleton_no_collision")]
animate_physical_bones = false
bones/0/rest = Transform3D(1, 2.04636e-12, -7.06513e-06, -6.97383e-06, 0.160246, -0.987077, 1.13216e-06, 0.987077, 0.160246, -1.42109e-14, -0.00281426, 0.672527)
bones/0/position = Vector3(-1.42109e-14, -0.00281426, 0.672527)
bones/0/rotation = Quaternion(0.647979, -2.69061e-06, -2.28903e-06, 0.761658)
bones/0/scale = Vector3(1, 1, 1)
bones/1/rest = Transform3D(0.999978, 7.02246e-07, -0.00659552, -0.000652447, 0.995106, -0.0988147, 0.00656317, 0.0988168, 0.995084, 2.12613e-08, 0.0903448, 0.00300832)
bones/1/position = Vector3(2.12613e-08, 0.0903448, 0.00300832)
bones/1/rotation = Quaternion(0.0494687, -0.00329372, -0.000163488, 0.99877)
bones/1/scale = Vector3(1, 1, 1)
bones/2/rest = Transform3D(0.999978, 0.000419021, 0.00658948, 1.67347e-08, 0.997984, -0.0634637, -0.00660279, 0.0634624, 0.997962, -9.09495e-12, 0.094593, 3.72529e-09)
bones/2/position = Vector3(-9.09495e-12, 0.094593, 3.72529e-09)
bones/2/rotation = Quaternion(0.0317477, 0.00329975, -0.000104804, 0.99949)
bones/2/scale = Vector3(1, 1, 1)
bones/3/rest = Transform3D(1, -2.76969e-08, -4.74749e-07, -2.79148e-08, 0.993162, -0.11674, 4.74737e-07, 0.11674, 0.993162, 1.92667e-10, 0.0896592, 4.07585e-09)
bones/3/position = Vector3(1.92667e-10, 0.0896592, 4.07585e-09)
bones/3/rotation = Quaternion(0.0584702, -2.37778e-07, -5.45684e-11, 0.998289)
bones/3/scale = Vector3(1, 1, 1)
bones/4/rest = Transform3D(0.999909, 7.35745e-08, 0.0134522, 0.0040501, 0.953599, -0.301052, -0.012828, 0.301079, 0.953513, 1.59605e-09, 0.0855077, 3.7374e-08)
bones/4/position = Vector3(1.59605e-09, 0.0855077, 3.7374e-08)
bones/4/rotation = Quaternion(0.152314, 0.00664775, 0.00102448, 0.988309)
bones/4/scale = Vector3(1, 1, 1)
bones/5/rest = Transform3D(0.999909, 0.00371918, -0.0129956, 1.88169e-05, 0.96102, 0.27648, 0.0135173, -0.276455, 0.960932, -1.41561e-09, 0.0974197, 4.42308e-08)
bones/5/position = Vector3(-1.41561e-09, 0.0974197, 4.42308e-08)
bones/5/rotation = Quaternion(-0.139604, -0.00669394, -0.000934261, 0.990184)
bones/5/scale = Vector3(1, 1, 1)
bones/6/rest = Transform3D(0.46724, 0.88413, -0.000899881, 0.106483, -0.0552628, 0.992778, 0.877695, -0.463961, -0.119966, 0.0352477, 0.0424391, 0.0533089)
bones/6/position = Vector3(0.0352477, 0.0424391, 0.0533089)
bones/6/rotation = Quaternion(-0.640794, -0.386479, -0.342074, 0.568333)
bones/7/rest = Transform3D(0.370131, 0.207056, 0.905611, -0.906144, 0.295285, 0.302836, -0.204709, -0.932703, 0.296917, 5.96046e-09, 0.119601, 1.47e-07)
bones/7/position = Vector3(5.96046e-09, 0.119601, 1.47e-07)
bones/7/rotation = Quaternion(-0.441002, 0.396307, -0.397335, 0.700416)
bones/7/scale = Vector3(1, 1, 1)
bones/8/rest = Transform3D(0.694734, 1.05962e-08, -0.719267, -2.12342e-07, 1, -1.90367e-07, 0.719266, 2.84985e-07, 0.694734, -2.38419e-09, -5.23031e-08, -1.19209e-09)
bones/8/position = Vector3(-2.38419e-09, -5.23031e-08, -1.19209e-09)
bones/8/rotation = Quaternion(1.29098e-07, -0.390683, -6.05464e-08, 0.920525)
bones/8/scale = Vector3(0.999999, 1, 1)
bones/9/rest = Transform3D(0.982376, 0.186916, 6.77616e-08, -0.186916, 0.982377, -1.81684e-07, -1.00527e-07, 1.65817e-07, 1, -1.77636e-17, 0.244236, -2.38419e-09)
bones/9/position = Vector3(-1.77636e-17, 0.244236, -2.38419e-09)
bones/9/rotation = Quaternion(8.72606e-08, 4.22588e-08, -0.0938724, 0.995584)
bones/9/scale = Vector3(1, 1, 1)
bones/10/rest = Transform3D(0.608385, -1.21013e-08, -0.793642, 4.28408e-08, 0.999999, 1.75928e-08, 0.793642, -4.47035e-08, 0.608385, 3.8147e-08, 0.122192, -4.76837e-08)
bones/10/position = Vector3(3.8147e-08, 0.122192, -4.76837e-08)
bones/10/rotation = Quaternion(-1.73669e-08, -0.442501, 1.53167e-08, 0.896768)
bones/10/scale = Vector3(1, 0.999999, 1)
bones/11/rest = Transform3D(0.570557, 0.0858108, -0.816763, -0.297113, 0.948729, -0.107875, 0.76563, 0.304219, 0.566799, 3.33786e-08, 0.244383, 1.43051e-08)
bones/11/position = Vector3(3.33786e-08, 0.244383, 1.43051e-08)
bones/11/rotation = Quaternion(0.11729, -0.450381, -0.108988, 0.878363)
bones/11/scale = Vector3(1, 0.999999, 1)
bones/12/rest = Transform3D(0.998792, -0.0490968, 0.00229377, 0.0491504, 0.997703, -0.0466248, 6.33532e-07, 0.0466812, 0.99891, 0.0375583, 0.0474704, 0.00148077)
bones/12/position = Vector3(0.0375583, 0.0474704, 0.00148077)
bones/12/rotation = Quaternion(0.0233399, 0.000573613, 0.0245759, 0.999425)
bones/12/scale = Vector3(1, 1, 1)
bones/13/rest = Transform3D(0.991531, 0.12963, 0.0078301, -0.129725, 0.985835, 0.106305, 0.0060612, -0.106421, 0.994303, 5.48363e-08, 0.0771089, 5.72205e-08)
bones/13/position = Vector3(5.48363e-08, 0.0771089, 5.72205e-08)
bones/13/rotation = Quaternion(-0.0533708, 0.000443799, -0.0650697, 0.996452)
bones/13/scale = Vector3(1, 1, 1)
bones/14/rest = Transform3D(0.939978, -0.300633, -0.161438, 0.340251, 0.86167, 0.376502, 0.0259175, -0.408833, 0.912241, 0.00176501, 0.0616223, -0.000267856)
bones/14/position = Vector3(0.00176501, 0.0616223, -0.000267856)
bones/14/rotation = Quaternion(-0.203756, -0.0486096, 0.166278, 0.963573)
bones/14/scale = Vector3(1, 1, 1)
bones/15/rest = Transform3D(0.999688, 0.0244017, 0.00533837, -0.0248131, 0.99469, 0.0998777, -0.00287283, -0.099979, 0.994985, 3.33786e-08, 0.0637707, 5.48363e-08)
bones/15/position = Vector3(3.33786e-08, 0.0637707, 5.48363e-08)
bones/15/rotation = Quaternion(-0.0500307, 0.00205553, -0.0123201, 0.99867)
bones/15/scale = Vector3(1, 1, 1)
bones/16/rotation = Quaternion(-0.0739533, 0.00380373, 0.0734979, 0.994542)
bones/17/rest = Transform3D(0.999967, -0.00812989, -0.000610829, 0.00815278, 0.99701, 0.0768465, -1.57506e-05, -0.076849, 0.997043, -2.38419e-09, 0.0838221, -2.14577e-08)
bones/17/position = Vector3(-2.38419e-09, 0.0838221, -2.14577e-08)
bones/17/rotation = Quaternion(-0.0384526, -0.000148881, 0.00407371, 0.999252)
bones/17/scale = Vector3(1, 1, 1)
bones/18/rest = Transform3D(0.992612, -0.0946007, -0.0759692, 0.108711, 0.971497, 0.210657, 0.0538755, -0.217359, 0.974604, 8.58307e-08, 0.0637005, 0)
bones/18/position = Vector3(8.58307e-08, 0.0637005, 0)
bones/18/rotation = Quaternion(-0.107833, -0.0327128, 0.0512218, 0.99231)
bones/18/scale = Vector3(1, 1, 1)
bones/19/rest = Transform3D(0.994902, -0.0421382, -0.0916199, 0.0678609, 0.951789, 0.299152, 0.0745972, -0.303844, 0.949797, -4.76837e-08, 0.0649362, 4.76837e-09)
bones/19/position = Vector3(-4.76837e-08, 0.0649362, 4.76837e-09)
bones/19/rotation = Quaternion(-0.152738, -0.0421026, 0.0278627, 0.986976)
bones/19/scale = Vector3(1, 1, 1)
bones/20/rest = Transform3D(0.93933, -0.330082, -0.0932974, 0.338544, 0.848371, 0.407006, -0.0551946, -0.413898, 0.908648, -0.0382431, 0.0324926, 0.00101354)
bones/20/position = Vector3(-0.0382431, 0.0324926, 0.00101354)
bones/20/rotation = Quaternion(-0.213489, -0.00990926, 0.173887, 0.961295)
bones/21/rest = Transform3D(0.956662, -0.291069, 0.00875718, 0.291116, 0.956676, -0.00466784, -0.00701912, 0.0070149, 0.999951, 7.15256e-09, 0.0739401, 0)
bones/21/position = Vector3(7.15256e-09, 0.0739401, 0)
bones/21/rotation = Quaternion(0.00295287, 0.00398753, 0.14715, 0.989102)
bones/21/scale = Vector3(1, 1, 1)
bones/22/rest = Transform3D(0.9465, 0.318763, 0.0502802, -0.322354, 0.94118, 0.101329, -0.0150228, -0.112116, 0.993581, -0.00113905, 0.0389289, 0.000210523)
bones/22/position = Vector3(-0.00113905, 0.0389289, 0.000210523)
bones/22/rotation = Quaternion(-0.0541713, 0.0165736, -0.162712, 0.985046)
bones/22/scale = Vector3(1, 1, 1)
bones/23/rest = Transform3D(0.991094, 0.132329, 0.0148752, -0.132947, 0.989649, 0.0540377, -0.0075705, -0.055534, 0.998428, 4.76837e-09, 0.048828, 8.9407e-09)
bones/23/position = Vector3(4.76837e-09, 0.048828, 8.9407e-09)
bones/23/rotation = Quaternion(-0.0274645, 0.0056261, -0.0664924, 0.997393)
bones/24/rest = Transform3D(0.972243, -0.230153, -0.0421199, 0.231084, 0.916331, 0.327016, -0.0366678, -0.327672, 0.94408, -0.0109993, 0.0391307, -0.00153401)
bones/24/position = Vector3(-0.0109993, 0.0391307, -0.00153401)
bones/24/rotation = Quaternion(-0.167207, -0.00139247, 0.1178, 0.978858)
bones/24/scale = Vector3(1, 1, 1)
bones/25/rest = Transform3D(0.991764, -0.127406, 0.0130665, 0.127991, 0.982258, -0.137065, 0.00462816, 0.137608, 0.990476, -1.19209e-08, 0.0828308, -8.34465e-09)
bones/25/position = Vector3(-1.19209e-08, 0.0828308, -8.34465e-09)
bones/25/rotation = Quaternion(0.0689749, 0.00211901, 0.0641345, 0.995552)
bones/25/scale = Vector3(1, 1, 1)
bones/26/rest = Transform3D(0.994293, 0.106508, -0.00601918, -0.102552, 0.969853, 0.22106, 0.0293824, -0.219181, 0.975242, -2.86102e-08, 0.0581444, 2.38419e-09)
bones/26/position = Vector3(-2.86102e-08, 0.0581444, 2.38419e-09)
bones/26/rotation = Quaternion(-0.110904, -0.00891823, -0.0526656, 0.992395)
bones/26/scale = Vector3(1, 1, 1)
bones/27/rest = Transform3D(0.9999, 0.0140878, 0.00104631, -0.014046, 0.999365, -0.0327382, -0.00150686, 0.0327202, 0.999464, -9.05991e-08, 0.0637945, -1.66893e-08)
bones/27/position = Vector3(-9.05991e-08, 0.0637945, -1.66893e-08)
bones/27/rotation = Quaternion(0.0163672, 0.000638394, -0.00703458, 0.999841)
bones/27/scale = Vector3(1, 1, 1)
bones/28/rest = Transform3D(0.174165, 0.337453, 0.92509, -0.500141, 0.839568, -0.212095, -0.848248, -0.425736, 0.314998, 0.0509914, 0.0482488, -0.0224369)
bones/28/position = Vector3(0.0509914, 0.0482488, -0.0224369)
bones/28/rotation = Quaternion(-0.0699994, 0.581035, -0.274438, 0.763009)
bones/28/scale = Vector3(1, 1, 1)
bones/29/rest = Transform3D(0.988013, -0.129652, 0.083794, 0.100754, 0.95283, 0.286295, -0.11696, -0.27442, 0.95447, 1.43051e-08, 0.0631571, 4.29153e-08)
bones/29/position = Vector3(1.43051e-08, 0.0631571, 4.29153e-08)
bones/29/rotation = Quaternion(-0.14205, 0.0508584, 0.0583703, 0.986827)
bones/29/scale = Vector3(1, 1, 1)
bones/30/rest = Transform3D(0.996864, -0.0775906, 0.015549, 0.0671641, 0.933496, 0.352242, -0.0418456, -0.350093, 0.93578, 6.2232e-05, 0.0514138, 0.000374975)
bones/30/position = Vector3(6.2232e-05, 0.0514138, 0.000374975)
bones/30/rotation = Quaternion(-0.178598, 0.0145949, 0.0368098, 0.983125)
bones/30/scale = Vector3(1, 1, 1)
bones/31/rest = Transform3D(0.467239, -0.88413, 0.00089997, -0.106483, -0.0552627, 0.992778, -0.877695, -0.46396, -0.119966, -0.0352476, 0.0424392, 0.0533089)
bones/31/position = Vector3(-0.0352476, 0.0424392, 0.0533089)
bones/31/rotation = Quaternion(-0.640794, 0.386479, 0.342074, 0.568333)
bones/31/scale = Vector3(1, 1, 1)
bones/32/rest = Transform3D(0.370131, -0.207057, -0.905611, 0.906145, 0.295281, 0.302836, 0.204705, -0.932703, 0.296917, 1.19209e-08, 0.119601, -1.41859e-07)
bones/32/position = Vector3(1.19209e-08, 0.119601, -1.41859e-07)
bones/32/rotation = Quaternion(-0.441002, -0.396306, 0.397336, 0.700416)
bones/32/scale = Vector3(1, 0.999999, 1)
bones/33/rest = Transform3D(0.694734, -1.47091e-07, 0.719266, 2.16067e-07, 1, -4.19609e-09, -0.719266, 1.58325e-07, 0.694734, -3.69549e-08, -6.94394e-08, 1.44541e-08)
bones/33/position = Vector3(-3.69549e-08, -6.94394e-08, 1.44541e-08)
bones/33/rotation = Quaternion(4.4138e-08, 0.390682, 9.86278e-08, 0.920526)
bones/33/scale = Vector3(0.999999, 1, 1)
bones/34/rest = Transform3D(0.982377, -0.186908, -5.09374e-08, 0.186908, 0.982379, -1.23254e-07, 7.3077e-08, 1.11562e-07, 1, 8.9407e-09, 0.244236, -1.40071e-08)
bones/34/position = Vector3(8.9407e-09, 0.244236, -1.40071e-08)
bones/34/rotation = Quaternion(5.89644e-08, -3.11411e-08, 0.0938685, 0.995585)
bones/34/scale = Vector3(1, 1, 1)
bones/35/rest = Transform3D(0.608385, -1.03462e-07, 0.793642, -3.1665e-08, 1, 1.54637e-07, -0.793642, -1.19209e-07, 0.608385, 2.38419e-09, 0.122192, -8.58307e-08)
bones/35/position = Vector3(2.38419e-09, 0.122192, -8.58307e-08)
bones/35/rotation = Quaternion(-7.63425e-08, 0.442501, 2.00154e-08, 0.896768)
bones/35/scale = Vector3(1, 1, 1)
bones/36/rest = Transform3D(0.570556, -0.0858146, 0.816763, 0.297115, 0.948728, -0.107872, -0.76563, 0.304219, 0.566799, 4.76837e-09, 0.244384, -3.78489e-08)
bones/36/position = Vector3(4.76837e-09, 0.244384, -3.78489e-08)
bones/36/rotation = Quaternion(0.11729, 0.450381, 0.10899, 0.878363)
bones/36/scale = Vector3(1, 0.999999, 1)
bones/37/rest = Transform3D(0.998791, 0.0490967, -0.00229375, -0.0491503, 0.997703, -0.0466247, -6.4075e-07, 0.0466811, 0.99891, -0.0375582, 0.0474705, 0.00148079)
bones/37/position = Vector3(-0.0375582, 0.0474705, 0.00148079)
bones/37/rotation = Quaternion(0.0233399, -0.000573607, -0.0245759, 0.999425)
bones/37/scale = Vector3(1, 1, 1)
bones/38/rest = Transform3D(0.991531, -0.12963, -0.00783011, 0.129725, 0.985835, 0.106305, -0.00606119, -0.106421, 0.994303, 1.19209e-09, 0.0771089, 4.47035e-08)
bones/38/position = Vector3(1.19209e-09, 0.0771089, 4.47035e-08)
bones/38/rotation = Quaternion(-0.0533708, -0.000443803, 0.0650697, 0.996452)
bones/38/scale = Vector3(1, 1, 1)
bones/39/rest = Transform3D(0.915392, 0.302417, 0.265707, -0.386749, 0.843836, 0.371975, -0.111722, -0.443265, 0.889401, 0.00176496, 0.0604678, 0.000267758)
bones/39/position = Vector3(0.00176496, 0.0604678, 0.000267758)
bones/39/rotation = Quaternion(-0.213398, 0.0987963, -0.180397, 0.955069)
bones/39/scale = Vector3(1, 1, 1)
bones/40/rest = Transform3D(0.999688, -0.0244018, -0.00533833, 0.0248131, 0.99469, 0.0998776, 0.00287279, -0.0999789, 0.994985, -9.53674e-09, 0.0637707, -5.66244e-08)
bones/40/position = Vector3(-9.53674e-09, 0.0637707, -5.66244e-08)
bones/40/rotation = Quaternion(-0.0500307, -0.00205551, 0.0123201, 0.99867)
bones/40/scale = Vector3(1, 1, 1)
bones/41/rest = Transform3D(0.989167, 0.146756, 0.0033047, -0.145631, 0.978258, 0.147658, 0.0184369, -0.14654, 0.989033, -0.0121594, 0.0432808, -0.000152726)
bones/41/position = Vector3(-0.0121594, 0.0432808, -0.000152726)
bones/41/rotation = Quaternion(-0.0739533, -0.00380382, -0.0734979, 0.994542)
bones/41/scale = Vector3(1, 1, 1)
bones/42/rest = Transform3D(0.999967, 0.00812988, 0.000610832, -0.00815278, 0.99701, 0.0768465, 1.57478e-05, -0.076849, 0.997043, 0, 0.083822, 1.78814e-09)
bones/42/position = Vector3(0, 0.083822, 1.78814e-09)
